(base) shiqizhong@ShiqideMacBook-Air ~ % conda activate blastenv
(blastenv) shiqizhong@ShiqideMacBook-Air ~ % conda install bioconda::blast-legacy
Channels:
 - defaults
 - bioconda
 - conda-forge
Platform: osx-arm64
Collecting package metadata (repodata.json): done
Solving environment: done

## Package Plan ##

  environment location: /Users/shiqizhong/opt/anaconda3/envs/blastenv

  added / updated specs:
    - bioconda::blast-legacy


The following NEW packages will be INSTALLED:

  blast-legacy       bioconda/osx-arm64::blast-legacy-2.2.26-h86eeb54_5 


Proceed ([y]/n)? y


Downloading and Extracting Packages:

Preparing transaction: done
Verifying transaction: done
Executing transaction: done
(blastenv) shiqizhong@ShiqideMacBook-Air data % gunzip GCF_000005845.2_ASM584v2_protein.faa.gz 
(blastenv) shiqizhong@ShiqideMacBook-Air data % formatdb -i GCF_000005845.2_ASM584v2_protein.faa -p
(blastenv) shiqizhong@ShiqideMacBook-Air data % blastall -p blastp -d GCF_000005845.2_ASM584v2_protein.faa -i NP_414608.1.faa -e 1e-5 -m 8
NP_414608.1	NP_414608.1	100.00	232	0	0	1	232	1	232	1e-159	 443
NP_414608.1	NP_415376.4	39.91	218	129	1	1	216	19	236	2e-44	 152
NP_414608.1	NP_418459.1	41.84	196	112	2	18	212	22	216	1e-39	 139
NP_414608.1	NP_416917.1	40.72	194	111	1	19	208	22	215	1e-38	 137
NP_414608.1	NP_415644.1	39.00	200	122	0	17	216	35	234	2e-38	 136
NP_414608.1	NP_415958.1	38.66	194	111	2	19	208	24	213	3e-38	 135
NP_414608.1	NP_417163.1	37.86	206	118	5	19	216	48	251	2e-37	 134
NP_414608.1	NP_415330.1	38.05	205	109	5	19	212	21	218	2e-36	 128
NP_414608.1	NP_417907.2	38.46	195	117	3	18	211	23	215	5e-35	 127
NP_414608.1	NP_414796.2	36.08	194	116	2	19	208	26	215	7e-35	 126
NP_414608.1	NP_415385.1	36.49	222	129	5	2	212	3	223	2e-34	 123
NP_414608.1	NP_414900.1	39.58	192	105	4	19	206	21	205	1e-33	 121
NP_414608.1	NP_417737.1	35.56	225	133	6	1	216	12	233	3e-33	 120
NP_414608.1	NP_415453.1	36.27	193	114	2	17	209	29	212	6e-32	 116
NP_414608.1	NP_414741.1	33.04	227	141	2	1	216	1	227	4e-31	 115
NP_414608.1	NP_416427.1	36.67	210	111	4	19	212	23	226	8e-30	 110
NP_414608.1	NP_416270.1	37.29	177	107	2	19	192	21	196	1e-29	 109
NP_414608.1	NP_415185.1	34.42	215	133	4	1	208	1	214	1e-29	 110
NP_414608.1	NP_418707.1	35.12	205	124	4	19	216	22	224	2e-26	 101
NP_414608.1	NP_415635.4	32.16	199	128	2	19	211	29	226	3e-26	 100
NP_414608.1	NP_417662.1	35.78	204	117	3	19	212	28	227	2e-25	99.4
NP_414608.1	NP_417920.1	33.68	190	118	4	25	208	28	215	3e-25	97.8
NP_414608.1	NP_416633.1	33.66	202	123	4	18	212	20	217	5e-25	98.6
NP_414608.1	NP_415120.1	33.98	206	128	4	19	216	25	230	5e-25	98.2
NP_414608.1	NP_415400.1	32.67	202	118	5	18	208	27	221	3e-24	99.0
NP_414608.1	NP_415434.1	35.41	209	117	7	19	216	363	564	5e-24	98.2
NP_414608.1	NP_415286.1	34.54	194	115	3	29	216	28	215	5e-24	95.9
NP_414608.1	NP_416000.1	35.71	196	112	5	18	208	35	221	6e-24	95.5
NP_414608.1	NP_416685.1	32.38	210	121	7	18	212	305	508	9e-24	96.7
NP_414608.1	NP_416685.1	30.19	212	129	6	19	212	29	239	6e-16	73.6
NP_414608.1	NP_418530.1	29.82	228	140	5	8	216	13	239	1e-23	94.0
NP_414608.1	NP_417668.1	30.69	202	135	3	19	216	23	223	3e-23	92.8
NP_414608.1	NP_415315.4	32.34	201	129	6	19	216	349	545	1e-22	94.4
NP_414608.1	NP_415315.4	32.99	197	121	5	21	212	29	219	4e-21	89.4
NP_414608.1	NP_415028.1	32.18	202	124	4	19	211	30	227	2e-22	90.5
NP_414608.1	NP_416809.1	32.64	193	110	5	38	212	44	234	2e-22	90.5
NP_414608.1	NP_416030.1	32.52	206	123	4	18	216	30	226	2e-22	93.2
NP_414608.1	NP_416030.1	25.60	207	141	5	19	214	283	487	1e-10	57.8
NP_414608.1	NP_417937.1	31.88	207	132	4	19	216	32	238	6e-22	89.4
NP_414608.1	NP_417997.1	30.62	209	132	5	19	216	42	248	7e-22	89.4
NP_414608.1	NP_414693.1	30.73	205	136	2	18	216	30	234	5e-21	86.7
NP_414608.1	NP_415763.1	28.23	209	138	5	19	216	44	251	9e-21	86.3
NP_414608.1	NP_415023.1	31.15	183	108	4	19	192	27	200	1e-20	85.1
NP_414608.1	NP_417912.1	29.15	199	123	4	26	206	32	230	3e-20	84.0
NP_414608.1	NP_417911.4	29.50	200	122	5	19	208	25	215	6e-19	80.1
NP_414608.1	NP_415806.1	28.23	209	136	6	18	216	33	237	6e-19	80.5
NP_414608.1	NP_417042.1	32.02	203	124	6	18	209	29	228	2e-18	81.3
NP_414608.1	NP_417042.1	27.23	202	132	6	18	206	281	480	7e-12	61.2
NP_414608.1	NP_418511.1	25.70	214	148	4	13	216	19	231	2e-18	81.3
NP_414608.1	NP_418511.1	25.00	216	140	7	18	215	282	493	9e-13	63.9
NP_414608.1	NP_415406.1	32.06	209	121	8	19	216	360	558	3e-18	80.9
NP_414608.1	NP_416715.1	33.33	195	115	6	2	189	323	509	3e-18	80.5
NP_414608.1	YP_026225.1	29.00	200	138	3	19	216	296	493	7e-18	80.1
NP_414608.1	YP_026225.1	28.98	176	117	3	28	196	41	215	8e-16	73.9
NP_414608.1	NP_414669.1	27.18	206	118	5	19	208	25	214	1e-17	77.0
NP_414608.1	NP_418205.1	30.69	202	122	5	19	208	24	219	1e-17	78.6
NP_414608.1	NP_418205.1	24.40	209	138	4	19	211	272	476	4e-14	67.8
NP_414608.1	NP_418181.1	27.94	247	159	7	2	232	11	254	2e-17	75.9
NP_414608.1	NP_416413.1	31.98	197	125	4	18	207	26	220	3e-17	77.4
NP_414608.1	NP_416413.1	26.98	215	123	6	18	209	275	478	6e-10	55.5
NP_414608.1	NP_414982.1	33.33	207	115	8	19	212	356	552	9e-17	76.3
NP_414608.1	NP_415350.2	29.25	212	135	5	13	212	338	546	1e-16	75.9
NP_414608.1	NP_415350.2	27.60	221	138	4	18	216	35	255	8e-16	73.6
NP_414608.1	NP_415407.1	33.81	210	123	8	15	216	368	569	2e-16	75.1
NP_414608.1	NP_417936.1	28.85	208	129	5	18	212	22	223	6e-16	71.6
NP_414608.1	NP_416654.1	29.95	187	120	6	29	207	43	226	8e-16	73.2
NP_414608.1	NP_416654.1	22.93	205	142	6	19	209	283	485	7e-11	58.2
NP_414608.1	YP_026282.1	27.36	201	136	3	25	215	31	231	9e-16	70.9
NP_414608.1	NP_417998.1	29.03	217	128	7	17	212	25	236	1e-15	72.0
NP_414608.1	NP_416224.1	27.80	223	115	6	18	216	19	219	1e-15	70.9
NP_414608.1	NP_415281.1	31.90	210	129	8	11	206	270	479	1e-14	69.7
NP_414608.1	NP_415281.1	27.14	199	142	2	20	216	24	221	4e-12	62.0
NP_414608.1	YP_026286.1	26.15	195	135	5	19	206	29	221	6e-14	67.4
NP_414608.1	YP_026286.1	29.00	200	129	6	18	205	279	477	1e-12	63.9
NP_414608.1	NP_416001.1	28.11	217	135	6	19	216	29	243	1e-13	66.2
NP_414608.1	NP_418520.1	35.67	157	88	5	17	161	26	181	2e-13	63.9
NP_414608.1	NP_416372.1	31.11	180	96	4	19	191	24	182	4e-13	63.5
NP_414608.1	YP_025300.1	26.67	210	139	6	18	212	42	251	4e-13	64.7
NP_414608.1	NP_418024.1	25.45	224	142	7	1	207	4	219	2e-12	63.2
NP_414608.1	NP_418024.1	25.82	213	127	9	18	208	280	483	5e-10	55.8
NP_414608.1	NP_418808.1	29.84	191	115	6	18	205	342	516	3e-12	62.4
NP_414608.1	NP_418808.1	29.89	184	85	5	13	161	20	194	2e-10	57.0
NP_414608.1	NP_414983.1	29.55	176	115	5	19	188	361	533	4e-12	62.0
NP_414608.1	NP_415341.1	26.84	190	124	4	19	208	339	513	9e-12	60.8
NP_414608.1	NP_415807.1	25.47	212	137	5	17	207	25	236	1e-10	57.8
NP_414608.1	NP_417811.1	25.53	188	116	5	21	189	23	205	9e-09	52.0
NP_414608.1	NP_416705.2	31.03	145	93	3	18	161	22	160	6e-08	48.5
NP_414608.1	NP_416197.1	26.51	215	130	7	19	212	21	228	4e-07	46.6

